MNQ2023Z,20231214,1405,16523.50,16530.25,16519.75,16522.75,172,308
MNQ2023Z,20231214,1410,16522.25,16531.50,16519.50,16521.50,182,353
MNQ2023Z,20231214,1415,16520.00,16533.75,16517.25,16532.50,265,482
MNQ2023Z,20231214,1420,16532.75,16535.50,16524.25,16535.00,168,321
MNQ2023Z,20231214,1425,16534.75,16536.00,16519.50,16521.75,220,459
MNQ2023Z,20231214,1430,16522.00,16531.50,16521.00,16524.75,266,538
MNQ2023Z,20231214,1435,16525.00,16536.25,16520.25,16521.25,285,522
MNQ2023Z,20231214,1440,16521.25,16533.00,16518.75,16523.75,303,480
MNQ2023Z,20231214,1445,16523.75,16541.50,16520.25,16524.50,413,781
MNQ2023Z,20231214,1450,16521.50,16544.25,16521.50,16526.75,511,871
MNQ2023Z,20231214,1455,16527.25,16546.50,16523.00,16541.50,690,1250
MNQ2023Z,20231214,1500,16545.25,16557.75,16536.00,16541.50,477,907
MNQ2023Z,20231214,1505,16537.25,16538.75,16523.50,16531.75,183,378
MNQ2023Z,20231214,1510,16532.00,16535.75,16530.00,16530.25,86,177
MNQ2023Z,20231214,1515,16531.00,16538.75,16528.75,16534.50,37,63
MNQ2023Z,20231214,1520,16535.25,16535.25,16526.00,16526.00,26,46
MNQ2023Z,20231214,1525,16538.50,16540.00,16528.75,16528.75,19,32
MNQ2023Z,20231214,1530,16530.50,16537.50,16528.25,16533.75,24,41
MNQ2023Z,20231214,1535,16530.00,16535.00,16530.00,16530.75,10,36
MNQ2023Z,20231214,1540,16529.50,16539.00,16529.50,16530.25,21,41
MNQ2023Z,20231214,1545,16535.50,16539.00,16525.00,16530.00,20,46
MNQ2023Z,20231214,1550,16534.00,16537.50,16530.00,16530.25,22,32
MNQ2023Z,20231214,1555,16537.25,16538.25,16525.25,16525.25,22,31
MNQ2023Z,20231214,1700,16525.00,16544.00,16520.75,16527.75,36,80
MNQ2023Z,20231214,1705,16525.00,16527.75,16519.25,16521.00,74,146
MNQ2023Z,20231214,1710,16523.00,16528.75,16521.50,16527.25,24,65
MNQ2023Z,20231214,1715,16527.75,16533.50,16527.50,16533.50,29,63
MNQ2023Z,20231214,1720,16535.00,16538.00,16535.00,16537.25,35,72
MNQ2023Z,20231214,1725,16539.25,16548.00,16539.00,16544.50,72,175
MNQ2023Z,20231214,1730,16545.00,16548.00,16544.00,16548.00,113,264
MNQ2023Z,20231214,1735,16547.50,16547.75,16542.00,16545.50,79,164
MNQ2023Z,20231214,1740,16545.75,16548.50,16545.75,16547.50,18,35
MNQ2023Z,20231214,1745,16548.50,16551.50,16548.50,16549.50,40,126
MNQ2023Z,20231214,1750,16550.75,16552.25,16549.75,16551.00,49,104
MNQ2023Z,20231214,1755,16550.75,16550.75,16549.00,16550.50,14,29
MNQ2023Z,20231214,1800,16550.00,16559.25,16550.00,16558.75,37,74
MNQ2023Z,20231214,1805,16559.00,16561.00,16557.50,16559.25,45,111
MNQ2023Z,20231214,1810,16559.75,16561.75,16557.50,16561.00,40,83
MNQ2023Z,20231214,1815,16560.75,16563.00,16552.50,16553.50,79,195
MNQ2023Z,20231214,1820,16554.00,16556.25,16548.50,16554.00,46,78
MNQ2023Z,20231214,1825,16554.50,16555.50,16549.25,16549.25,33,71
MNQ2023Z,20231214,1830,16549.75,16553.50,16547.00,16550.50,23,96
MNQ2023Z,20231214,1835,16550.00,16551.25,16547.00,16551.00,22,48
MNQ2023Z,20231214,1840,16553.25,16556.00,16550.50,16551.25,23,38
MNQ2023Z,20231214,1845,16551.75,16551.75,16545.00,16546.50,39,101
MNQ2023Z,20231214,1850,16546.75,16550.25,16546.00,16546.25,46,122
MNQ2023Z,20231214,1855,16546.25,16551.75,16546.00,16548.75,40,78
MNQ2023Z,20231214,1900,16549.25,16551.75,16543.00,16546.00,47,71
MNQ2023Z,20231214,1905,16545.00,16546.50,16537.50,16539.25,84,176
MNQ2023Z,20231214,1910,16538.50,16549.25,16536.00,16544.25,85,165
MNQ2023Z,20231214,1915,16544.50,16550.00,16543.00,16548.25,84,163
MNQ2023Z,20231214,1920,16547.75,16551.00,16547.75,16549.75,22,39
MNQ2023Z,20231214,1925,16550.00,16553.50,16546.75,16552.75,125,245
MNQ2023Z,20231214,1930,16552.25,16557.00,16550.00,16551.25,40,95
MNQ2023Z,20231214,1935,16551.50,16554.00,16550.75,16554.00,24,50
MNQ2023Z,20231214,1940,16554.00,16554.50,16549.00,16550.50,123,323
MNQ2023Z,20231214,1945,16550.25,16555.00,16549.50,16554.00,33,79
MNQ2023Z,20231214,1950,16554.25,16555.50,16549.50,16549.50,21,50
MNQ2023Z,20231214,1955,16549.50,16551.25,16548.75,16549.75,10,31
MNQ2023Z,20231214,2000,16549.00,16551.00,16548.75,16550.50,14,32
MNQ2023Z,20231214,2005,16552.50,16556.75,16552.25,16553.75,27,56
MNQ2023Z,20231214,2010,16553.75,16555.25,16553.00,16553.00,23,71
MNQ2023Z,20231214,2015,16553.75,16558.50,16553.50,16555.25,21,36
MNQ2023Z,20231214,2020,16557.50,16558.50,16555.50,16558.50,12,21
MNQ2023Z,20231214,2025,16558.00,16560.00,16557.50,16560.00,47,125
MNQ2023Z,20231214,2030,16560.00,16562.50,16555.50,16558.75,92,164
MNQ2023Z,20231214,2035,16555.25,16558.25,16551.25,16552.00,34,83
MNQ2023Z,20231214,2040,16552.75,16553.75,16549.75,16549.75,21,55
MNQ2023Z,20231214,2045,16550.75,16552.50,16548.75,16549.00,43,70
MNQ2023Z,20231214,2050,16548.75,16551.00,16547.50,16549.75,69,129
MNQ2023Z,20231214,2055,16550.50,16555.00,16550.50,16553.50,18,25
MNQ2023Z,20231214,2100,16553.50,16554.25,16549.75,16551.50,31,63
MNQ2023Z,20231214,2105,16554.25,16555.00,16552.75,16553.50,8,15
MNQ2023Z,20231214,2110,16553.50,16555.50,16551.75,16553.75,16,55
MNQ2023Z,20231214,2115,16554.00,16554.50,16550.25,16551.75,7,12
MNQ2023Z,20231214,2120,16551.75,16554.00,16551.00,16551.00,9,17
MNQ2023Z,20231214,2125,16553.00,16554.00,16551.25,16551.75,19,26
MNQ2023Z,20231214,2130,16552.25,16552.75,16551.00,16552.75,23,39
MNQ2023Z,20231214,2135,16552.75,16553.00,16551.75,16553.00,10,46
MNQ2023Z,20231214,2140,16554.00,16557.75,16554.00,16556.50,25,44
MNQ2023Z,20231214,2145,16556.00,16557.75,16554.00,16557.75,13,27
MNQ2023Z,20231214,2150,16557.00,16558.50,16555.00,16555.00,25,37
MNQ2023Z,20231214,2155,16556.50,16562.25,16554.25,16562.25,33,77
MNQ2023Z,20231214,2200,16562.75,16563.75,16558.50,16562.00,78,152
MNQ2023Z,20231214,2205,16561.75,16563.75,16560.00,16562.50,64,118
MNQ2023Z,20231214,2210,16562.75,16564.50,16560.75,16564.50,28,45
MNQ2023Z,20231214,2215,16563.75,16564.25,16562.25,16563.25,14,21
MNQ2023Z,20231214,2220,16563.25,16564.00,16560.00,16560.00,21,37
MNQ2023Z,20231214,2225,16560.00,16563.50,16560.00,16562.50,14,34
MNQ2023Z,20231214,2230,16561.75,16562.50,16561.25,16561.25,6,12
MNQ2023Z,20231214,2235,16562.25,16562.75,16561.75,16561.75,6,12
MNQ2023Z,20231214,2240,16561.50,16563.00,16561.25,16562.00,13,20
MNQ2023Z,20231214,2245,16562.75,16562.75,16559.50,16559.75,6,15
MNQ2023Z,20231214,2250,16560.00,16560.25,16558.75,16559.50,15,34
MNQ2023Z,20231214,2255,16558.75,16563.00,16558.00,16561.50,15,40
MNQ2023Z,20231214,2300,16561.25,16561.75,16559.25,16559.25,9,15
MNQ2023Z,20231214,2305,16559.25,16564.50,16557.75,16563.75,28,41
MNQ2023Z,20231214,2310,16562.75,16562.75,16557.00,16557.50,11,15
MNQ2023Z,20231214,2315,16559.75,16561.00,16558.00,16558.50,11,39
MNQ2023Z,20231214,2320,16558.00,16559.25,16550.25,16555.75,35,92
MNQ2023Z,20231214,2325,16555.75,16559.00,16554.25,16559.00,14,30
MNQ2023Z,20231214,2330,16556.00,16556.00,16552.00,16552.00,8,13
MNQ2023Z,20231214,2335,16551.75,16554.00,16549.00,16550.25,66,154
MNQ2023Z,20231214,2340,16550.00,16554.00,16549.25,16554.00,24,63
MNQ2023Z,20231214,2345,16553.25,16557.25,16553.25,16557.00,11,61
MNQ2023Z,20231214,2350,16558.25,16560.75,16558.25,16560.75,8,18
MNQ2023Z,20231214,2355,16560.50,16565.00,16560.50,16563.25,68,138
MNQ2023Z,20231215,0000,16560.50,16561.50,16554.00,16555.50,69,154
MNQ2023Z,20231215,0005,16555.75,16561.50,16555.75,16560.00,17,31
MNQ2023Z,20231215,0010,16557.50,16557.75,16555.75,16557.50,9,20
MNQ2023Z,20231215,0015,16556.50,16557.00,16552.75,16555.00,39,88
MNQ2023Z,20231215,0020,16554.25,16555.75,16553.25,16554.75,9,26
MNQ2023Z,20231215,0025,16554.50,16556.00,16553.75,16555.00,7,22
MNQ2023Z,20231215,0030,16557.00,16559.50,16556.25,16558.50,13,19
MNQ2023Z,20231215,0035,16558.25,16558.25,16555.75,16555.75,5,8
MNQ2023Z,20231215,0040,16556.00,16558.00,16556.00,16558.00,3,3
MNQ2023Z,20231215,0045,16558.00,16558.00,16554.25,16556.50,6,28
MNQ2023Z,20231215,0050,16557.50,16560.75,16557.50,16559.25,9,11
MNQ2023Z,20231215,0055,16556.75,16558.25,16555.25,16557.25,17,25
MNQ2023Z,20231215,0100,16557.25,16562.75,16557.25,16561.75,19,27
MNQ2023Z,20231215,0105,16562.00,16569.50,16562.00,16567.75,109,206
MNQ2023Z,20231215,0110,16568.50,16573.00,16568.25,16571.25,50,87
MNQ2023Z,20231215,0115,16572.00,16575.75,16570.25,16573.00,36,53
MNQ2023Z,20231215,0120,16574.00,16575.50,16572.75,16573.50,21,34
MNQ2023Z,20231215,0125,16573.75,16579.50,16573.75,16579.00,28,66
MNQ2023Z,20231215,0130,16577.50,16582.00,16577.00,16582.00,35,57
MNQ2023Z,20231215,0135,16582.00,16583.00,16581.00,16582.00,22,74
MNQ2023Z,20231215,0140,16581.25,16585.50,16581.00,16584.50,27,84
MNQ2023Z,20231215,0145,16585.25,16586.00,16583.50,16586.00,12,35
MNQ2023Z,20231215,0150,16584.75,16586.25,16584.75,16584.75,4,13
MNQ2023Z,20231215,0155,16586.75,16590.00,16585.50,16589.00,31,57
MNQ2023Z,20231215,0200,16587.50,16587.50,16583.25,16587.25,32,67
MNQ2023Z,20231215,0205,16586.75,16588.50,16585.50,16587.75,13,20
MNQ2023Z,20231215,0210,16588.75,16588.75,16580.75,16581.50,27,41
MNQ2023Z,20231215,0215,16582.25,16585.25,16580.25,16583.75,23,34
MNQ2023Z,20231215,0220,16584.00,16584.00,16577.50,16579.50,32,70
MNQ2023Z,20231215,0225,16579.25,16583.50,16576.75,16576.75,28,43
MNQ2023Z,20231215,0230,16578.25,16583.75,16577.25,16581.50,25,29
MNQ2023Z,20231215,0235,16580.25,16580.25,16572.50,16575.75,31,52
MNQ2023Z,20231215,0240,16576.00,16584.75,16576.00,16582.50,32,49
MNQ2023Z,20231215,0245,16580.25,16582.50,16579.00,16579.25,13,19
MNQ2023Z,20231215,0250,16577.00,16586.75,16575.75,16585.75,37,62
MNQ2023Z,20231215,0255,16587.00,16591.50,16585.75,16590.75,61,96
MNQ2023Z,20231215,0300,16590.50,16591.25,16584.25,16585.25,104,307
MNQ2023Z,20231215,0305,16584.25,16591.25,16583.50,16590.75,72,171
MNQ2023Z,20231215,0310,16591.00,16595.25,16591.00,16594.75,140,331
MNQ2023Z,20231215,0315,16594.75,16596.25,16591.50,16595.75,101,164
MNQ2023Z,20231215,0320,16595.75,16598.25,16594.00,16598.00,90,131
MNQ2023Z,20231215,0325,16597.50,16598.25,16594.00,16595.75,31,49
MNQ2023Z,20231215,0330,16597.00,16597.00,16590.75,16595.00,27,41
MNQ2023Z,20231215,0335,16594.00,16597.25,16594.00,16595.25,18,37
MNQ2023Z,20231215,0340,16595.00,16598.00,16593.00,16598.00,23,33
MNQ2023Z,20231215,0345,16596.00,16600.00,16596.00,16597.00,25,79
MNQ2023Z,20231215,0350,16596.50,16599.25,16596.50,16597.50,8,16
MNQ2023Z,20231215,0355,16597.75,16601.00,16597.50,16599.75,27,143
MNQ2023Z,20231215,0400,16600.00,16603.00,16600.00,16600.75,46,86
MNQ2023Z,20231215,0405,16601.00,16602.00,16598.00,16599.75,35,53
MNQ2023Z,20231215,0410,16600.00,16600.00,16595.50,16597.00,49,92
MNQ2023Z,20231215,0415,16596.50,16606.50,16596.50,16602.25,61,95
MNQ2023Z,20231215,0420,16602.25,16602.50,16597.00,16597.00,33,40
MNQ2023Z,20231215,0425,16597.25,16602.25,16596.50,16601.75,13,18
MNQ2023Z,20231215,0430,16601.50,16601.50,16594.75,16594.75,45,65
MNQ2023Z,20231215,0435,16595.00,16596.50,16592.00,16593.00,28,39
MNQ2023Z,20231215,0440,16592.50,16592.50,16585.75,16591.00,49,77
MNQ2023Z,20231215,0445,16588.75,16592.75,16587.75,16590.75,29,43
MNQ2023Z,20231215,0450,16592.25,16594.75,16589.00,16591.00,34,48
MNQ2023Z,20231215,0455,16590.25,16595.50,16590.25,16590.25,28,40
MNQ2023Z,20231215,0500,16590.00,16591.75,16586.00,16588.00,34,75
MNQ2023Z,20231215,0505,16588.00,16596.75,16588.00,16594.50,35,48
MNQ2023Z,20231215,0510,16596.00,16601.25,16596.00,16601.25,38,50
MNQ2023Z,20231215,0515,16600.75,16605.00,16599.00,16604.00,27,60
MNQ2023Z,20231215,0520,16604.00,16605.00,16600.25,16604.00,26,43
MNQ2023Z,20231215,0525,16603.25,16604.00,16600.00,16601.00,18,26
MNQ2023Z,20231215,0530,16600.00,16605.00,16600.00,16603.00,14,30
MNQ2023Z,20231215,0535,16602.50,16602.50,16601.25,16601.50,8,12
MNQ2023Z,20231215,0540,16601.50,16604.25,16596.50,16597.50,34,50
MNQ2023Z,20231215,0545,16597.00,16604.50,16596.75,16603.75,21,23
MNQ2023Z,20231215,0550,16603.50,16605.00,16602.00,16603.50,17,28
MNQ2023Z,20231215,0555,16602.75,16603.25,16596.75,16598.00,29,68
MNQ2023Z,20231215,0600,16596.50,16598.00,16594.00,16594.75,30,48
MNQ2023Z,20231215,0605,16595.25,16600.75,16593.00,16594.50,35,51
MNQ2023Z,20231215,0610,16594.25,16598.50,16593.50,16594.00,25,37
MNQ2023Z,20231215,0615,16594.00,16598.75,16594.00,16598.75,20,28
MNQ2023Z,20231215,0620,16599.50,16602.25,16598.00,16601.25,18,34
MNQ2023Z,20231215,0625,16600.50,16602.00,16594.00,16599.00,32,63
MNQ2023Z,20231215,0630,16599.50,16600.00,16595.00,16597.75,25,46
MNQ2023Z,20231215,0635,16597.75,16603.00,16597.75,16601.00,34,68
MNQ2023Z,20231215,0640,16598.50,16599.50,16595.00,16595.00,32,65
MNQ2023Z,20231215,0645,16595.75,16597.50,16590.75,16592.75,44,93
MNQ2023Z,20231215,0650,16591.00,16591.25,16584.00,16587.50,45,102
MNQ2023Z,20231215,0655,16587.50,16589.00,16584.00,16589.00,43,71
MNQ2023Z,20231215,0700,16589.25,16592.75,16586.75,16591.00,80,131
MNQ2023Z,20231215,0705,16588.50,16590.25,16584.00,16589.25,46,92
MNQ2023Z,20231215,0710,16588.25,16593.50,16586.75,16590.50,40,60
MNQ2023Z,20231215,0715,16591.50,16592.50,16584.75,16587.75,59,138
MNQ2023Z,20231215,0720,16587.25,16591.50,16584.00,16590.25,48,97
MNQ2023Z,20231215,0725,16589.25,16597.25,16587.00,16594.50,61,91
MNQ2023Z,20231215,0730,16596.75,16605.00,16580.75,16583.50,153,290
MNQ2023Z,20231215,0735,16586.50,16589.00,16564.00,16564.25,159,328
MNQ2023Z,20231215,0740,16564.75,16571.25,16550.00,16565.50,210,395
MNQ2023Z,20231215,0745,16565.25,16572.00,16560.50,16565.75,92,220
MNQ2023Z,20231215,0750,16564.75,16579.75,16564.00,16578.25,99,163
MNQ2023Z,20231215,0755,16574.00,16581.75,16569.75,16581.00,88,176
MNQ2023Z,20231215,0800,16582.50,16594.25,16577.00,16590.50,142,256
MNQ2023Z,20231215,0805,16590.25,16593.75,16585.25,16590.75,68,103
MNQ2023Z,20231215,0810,16591.00,16605.00,16589.00,16604.00,135,205
MNQ2023Z,20231215,0815,16603.50,16609.25,16600.25,16608.00,123,233
MNQ2023Z,20231215,0820,16606.25,16608.50,16598.50,16602.00,125,458
MNQ2023Z,20231215,0825,16602.00,16603.75,16530.00,16583.25,278,620
MNQ2023Z,20231215,1115,16530.25,16530.25,16530.25,16530.25,1,0
